0,Note,Time,Delay,Channel
1,D .G,0,0.25,0
2,.G,0.25,0.25,0
3,C,0.5,0.25,0
4,E C,0.75,0.25,0
5,.G,1.0,0.25,0
6,C,1.25,0.25,0
7,F C,1.5,0.25,0
8,.G,1.75,0.25,0
9,D .G,2.0,0.25,0
10,.G,2.25,0.25,0
11,C,2.5,0.25,0
12,E C,2.75,0.25,0
13,.G,3.0,0.25,0
14,C,3.25,0.25,0
15,F C,3.5,0.25,0
16,.G,3.75,0.25,0
17,D .G,4.0,0.25,0
18,.G,4.25,0.25,0
19,C,4.5,0.25,0
20,E C,4.75,0.25,0
21,.G,5.0,0.25,0
22,C,5.25,0.25,0
23,F C,5.5,0.25,0
24,.G,5.75,0.25,0
25,D .G,6.0,0.25,0
26,.G,6.25,0.25,0
27,C,6.5,0.25,0
28,E C,6.75,0.25,0
29,.G,7.0,0.25,0
30,C,7.25,0.25,0
31,F C,7.5,0.25,0
32,.G,7.75,0.25,0
33,E,8.0,0.375,0
34,C,8.375,0.375,0
35,C,8.75,0.25,0
36,C,9.0,0.25,0
37,.G,9.25,0.25,0
38,C,9.5,0.25,0
39,E,9.75,0.25,0
40,D .G C,10.0,0.5,0
41,E,10.5,0.25,0
42,.G,10.75,0.75,0
43,.G,11.5,0.5,0
44,C,12.0,0.5,0
45,C,12.5,0.25,0
46,C,12.75,0.25,0
47,C,13.0,0.25,0
48,.G,13.25,0.25,0
49,C,13.5,0.25,0
50,E,13.75,0.25,0
51,D .G .B,14.0,0.75,0
52,.G,14.75,0.75,0
53,.G,15.5,0.5,0
54,.B,16.0,0.5,0
55,C,16.5,0.25,0
56,C,16.75,0.25,0
57,C,17.0,0.25,0
58,.G,17.25,0.25,0
59,C,17.5,0.25,0
60,E,17.75,0.25,0
61,F .A,18.0,0.25,0
62,E,18.25,0.25,0
63,C,18.5,0.75,0
64,.G,19.25,0.25,0
65,C,19.5,0.25,0
66,E,19.75,0.25,0
67,F .A E,20.0,0.25,0
68,E,20.25,0.25,0
69,C,20.5,0.25,0
70,C,20.75,0.25,0
71,C,21.0,0.25,0
72,.G,21.25,0.25,0
73,C,21.5,0.25,0
74,E,21.75,0.25,0
75,.G D,22.0,0.75,0
76,D,22.75,0.75,0
77,D,23.5,0.5,0
78,.G,24.0,0.75,0
79,.G,24.75,0.25,0
80,.G,25.0,0.25,0
81,F,25.25,0.25,0
82,E,25.5,0.25,0
83,F,25.75,0.25,0
84,.G C F,26.0,0.5,0
85,C,26.5,0.5,0
86,F .A C,27.0,0.5,0
87,.G,27.5,0.25,0
88,C,27.75,0.25,0
89,D E .G C,28.0,0.5,0
90,E,28.5,0.25,0
91,C,28.75,0.25,0
92,E .G C,29.0,0.5,0
93,D,29.5,0.5,0
94,E .B,30.0,0.5,0
95,D,30.5,0.25,0
96,C,30.75,0.25,0
97,D E .B,31.0,0.5,0
98,E,31.5,0.5,0
99,.A,32.0,0.75,0
100,.A,32.75,0.75,0
101,E,33.5,0.5,0
102,D .A,34.0,0.5,0
103,C,34.5,0.25,0
104,C,34.75,0.25,0
105,C,35.0,0.25,0
106,.G,35.25,0.25,0
107,C,35.5,0.25,0
108,E,35.75,0.25,0
109,D,36.0,0.5,0
110,E,36.5,0.25,0
111,E,36.75,0.75,0
112,F,37.5,0.5,0
113,.G,38.0,0.5,0
114,C,38.5,0.25,0
115,C,38.75,0.25,0
116,C,39.0,0.25,0
117,.G,39.25,0.25,0
118,C,39.5,0.25,0
119,E,39.75,0.25,0
120,D,40.0,0.5,0
121,C,40.5,0.25,0
122,D,40.75,0.75,0
123,.B,41.5,0.5,0
124,D,42.0,1.0,0
125,C,43.0,0.5,0
126,.B,43.5,0.5,0
127,D C,44.0,0.25,0
128,.G,44.25,0.25,0
129,C,44.5,0.25,0
130,E,44.75,0.25,0
131,.G,45.0,0.25,0
132,C,45.25,0.25,0
133,F,45.5,0.25,0
134,.G,45.75,0.25,0
135,D,46.0,0.25,0
136,.G,46.25,0.25,0
137,C,46.5,0.25,0
138,E,46.75,0.25,0
139,.G,47.0,0.25,0
140,C,47.25,0.25,0
141,F,47.5,0.25,0
142,.G,47.75,0.25,0
143,D,48.0,0.25,0
144,.G,48.25,0.25,0
145,C,48.5,0.25,0
146,E,48.75,0.25,0
147,.G,49.0,0.25,0
148,C,49.25,0.25,0
149,F,49.5,0.25,0
150,.G,49.75,0.25,0
151,D,50.0,0.25,0
152,.G,50.25,0.25,0
153,C,50.5,0.25,0
154,E,50.75,0.25,0
155,.G,51.0,0.25,0
156,C,51.25,0.25,0
157,F,51.5,0.25,0
158,.G,51.75,0.25,0
159,E,52.0,0.5,0
160,C,52.5,0.25,0
161,C,52.75,0.25,0
162,C,53.0,0.25,0
163,.G,53.25,0.25,0
164,C,53.5,0.25,0
165,E,53.75,0.25,0
166,D C .G,54.0,0.5,0
167,E .G C,54.5,0.5,0
168,C .G,55.0,0.5,0
169,C .G,55.5,0.5,0
170,C .G,56.0,0.25,0
171,C,56.25,0.25,0
172,C .G,56.5,0.25,0
173,C,56.75,0.25,0
174,C .G,57.0,0.25,0
175,.G,57.25,0.25,0
176,C .G,57.5,0.25,0
177,E,57.75,0.25,0
178,D .B .G,58.0,0.5,0
179,.G,58.5,0.5,0
180,.G,59.0,0.5,0
181,.B,59.5,0.5,0
182,.B,60.0,0.25,0
183,C,60.25,0.25,0
184,C .B .G,60.5,0.25,0
185,C,60.75,0.25,0
186,C .B .G,61.0,0.25,0
187,.G,61.25,0.25,0
188,C .B .G,61.5,0.25,0
189,E,61.75,0.25,0
190,F .A,62.0,0.25,0
191,E,62.25,0.25,0
192,C .A F,62.5,0.5,0
193,.A F,63.0,0.25,0
194,.G,63.25,0.25,0
195,C F .A,63.5,0.25,0
196,E,63.75,0.25,0
197,F .A E,64.0,0.25,0
198,E,64.25,0.25,0
199,C E .A,64.5,0.25,0
200,C,64.75,0.25,0
201,C .A E,65.0,0.25,0
202,.G,65.25,0.25,0
203,C E .A,65.5,0.25,0
204,E,65.75,0.25,0
205,.G D,66.0,0.5,0
206,D .G,66.5,0.5,0
207,.G D,67.0,0.5,0
208,D .G,67.5,0.5,0
209,.G D,68.0,0.75,0
210,.G,68.75,0.25,0
211,.G,69.0,0.25,0
212,F,69.25,0.25,0
213,E,69.5,0.25,0
214,F,69.75,0.25,0
215,.G F C,70.0,0.5,0
216,C,70.5,0.5,0
217,.A F C,71.0,0.5,0
218,.G,71.5,0.25,0
219,C,71.75,0.25,0
220,D C .G E,72.0,0.5,0
221,E,72.5,0.25,0
222,C,72.75,0.25,0
223,.G C E,73.0,0.5,0
224,D,73.5,0.5,0
225,E .B,74.0,0.5,0
226,D,74.5,0.25,0
227,C,74.75,0.25,0
228,D E .B,75.0,0.5,0
229,E,75.5,0.5,0
230,.A,76.0,0.75,0
231,.A,76.75,0.75,0
232,E,77.5,0.5,0
233,D .A,78.0,1.0,0
234,D,79.0,0.5,0
235,.A,79.5,0.5,0
236,D,80.0,0.5,0
237,.A,80.5,0.5,0
238,D,81.0,0.5,0
239,.A,81.5,0.5,0
240,D,82.0,0.5,0
241,.A,82.5,0.5,0
242,C,83.0,1.0,0
243,.G,84.0,2.0,0
244,D,86.0,0.125,0
245,C E .G,86.125,0.125,0
246,.G,86.25,0.25,0
247,C,86.5,0.25,0
248,E,86.75,0.25,0
249,.G,87.0,0.25,0
250,C,87.25,0.25,0
251,F,87.5,0.25,0
252,.G,87.75,0.25,0
253,D,88.0,0.25,0
254,.G,88.25,0.25,0
255,C,88.5,0.25,0
256,E,88.75,0.25,0
257,.G,89.0,0.25,0
258,C,89.25,0.25,0
259,F,89.5,0.25,0
260,.G,89.75,0.25,0
261,D,90.0,0.25,0
262,.G,90.25,0.25,0
263,C,90.5,0.25,0
264,E,90.75,0.25,0
265,.G,91.0,0.25,0
266,C,91.25,0.25,0
267,F,91.5,0.25,0
268,.G,91.75,0.25,0
269,D,92.0,0.25,0
270,.G,92.25,0.25,0
271,C,92.5,0.25,0
272,E,92.75,0.25,0
273,.G,93.0,0.25,0
274,C,93.25,0.25,0
275,F,93.5,0.25,0
276,.G,93.75,0.25,0
277,E,94.0,2.0,0
278,C,96.0,1.25,0
279,.G,97.25,0.25,0
280,C,97.5,0.25,0
281,E,97.75,0.25,0
282,D,98.0,0.5,0
283,E,98.5,1.375,0
284,C,99.875,0.375,0
285,C,100.25,0.25,0
286,C,100.5,0.25,0
287,C,100.75,0.25,0
288,C,101.0,0.125,0
289,C .G,101.125,0.125,0
290,.G,101.25,0.25,0
291,C,101.5,0.25,0
292,E,101.75,0.25,0
293,D,102.0,2.25,0
294,C,104.25,0.25,0
295,C,104.5,0.25,0
296,C,104.75,0.25,0
297,C,105.0,0.125,0
298,.G,105.125,0.125,0
299,.G,105.25,0.25,0
300,C,105.5,0.25,0
301,E,105.75,0.25,0
302,F,106.0,0.25,0
303,E,106.25,0.25,0
304,C,106.5,0.75,0
305,.G,107.25,0.25,0
306,C,107.5,0.25,0
307,E,107.75,0.25,0
308,F,108.0,0.25,0
309,E,108.25,0.25,0
310,C,108.5,0.25,0
311,C,108.75,0.25,0
312,C,109.0,0.125,0
313,.A F,109.125,0.125,0
314,.G,109.25,0.25,0
315,C,109.5,0.25,0
316,E,109.75,0.25,0
317,.G,110.0,1.125,0
318,E .A,111.125,1.625,0
319,.G,112.75,0.25,0
320,.G,113.0,0.125,0
321,D .G,113.125,0.125,0
322,F,113.25,0.25,0
323,E,113.5,0.25,0
324,F,113.75,0.25,0
325,.G,114.0,0.5,0
326,C,114.5,1.0,0
327,.G,115.5,0.25,0
328,C,115.75,0.25,0
329,D,116.0,0.5,0
330,E,116.5,0.25,0
331,C,116.75,0.375,0
332,F C .A,117.125,0.375,0
333,D,117.5,0.5,0
334,E,118.0,0.125,0
335,F .A C,118.125,0.375,0
336,D,118.5,0.25,0
337,C,118.75,0.25,0
338,D,119.0,0.125,0
339,.G E C,119.125,0.375,0
340,E,119.5,0.5,0
341,.A,120.0,0.125,0
342,E .G C,120.125,1.0,0
343,E .B,121.125,1.0,0
344,E .B,122.125,0.375,0
345,C,122.5,0.25,0
346,C,122.75,0.25,0
347,C,123.0,0.125,0
348,E .A,123.125,0.125,0
349,.G,123.25,0.25,0
350,C,123.5,0.25,0
351,E,123.75,0.25,0
352,D,124.0,0.5,0
353,E,124.5,2.0,0
354,C,126.5,0.25,0
355,C,126.75,0.25,0
356,C,127.0,0.25,0
357,.G,127.25,0.25,0
358,C,127.5,0.25,0
359,E,127.75,0.25,0
360,D,128.0,0.125,0
361,E C .G,128.125,0.375,0
362,C,128.5,0.625,0
363,C F .A,129.125,1.875,0
364,C,131.0,0.5,0
365,.B,131.5,0.625,0
366,C F .A,132.125,1.0,0
367,D .G .B,133.125,1.375,0
368,.G,134.5,0.5,0
369,C,135.0,0.125,0
370,C,135.125,0.375,0
371,E,135.5,0.125,0
372,E,135.625,0.375,0
373,.G,136.0,0.125,0
374,.G,136.125,0.375,0
375,C,136.5,0.125,0
376,C,136.625,0.5,0
377,E,137.125,0.0,0
